1 Stmtlist -1 -1 0
3 E 1 2 0
2 Stmt 1 -1 1
4 Decl 2 -1 0
8 ; 4 7 0
7 Continuation 4 6 1
6 Identifier 4 5 1
5 Type 4 -1 1
9 SimpType 5 -1 0
10 inti 9 -1 0
11 id 6 -1 0
12 ε 7 -1 0
13 Stmtlist 3 -1 0
15 E 13 14 0
14 Stmt 13 -1 1
16 Decl 14 -1 0
20 ; 16 19 0
19 Continuation 16 18 1
18 Identifier 16 17 1
17 Type 16 -1 1
21 SimpType 17 -1 0
22 inti 21 -1 0
23 id 18 -1 0
24 ε 19 -1 0
25 Stmtlist 15 -1 0
27 E 25 26 0
26 Stmt 25 -1 1
28 Decl 26 -1 0
32 ; 28 31 0
31 Continuation 28 30 1
30 Identifier 28 29 1
29 Type 28 -1 1
33 SimpType 29 -1 0
34 inti 33 -1 0
35 id 30 -1 0
36 ε 31 -1 0
37 Stmtlist 27 -1 0
39 E 37 38 0
38 Stmt 37 -1 1
40 Decl 38 -1 0
44 ; 40 43 0
43 Continuation 40 42 1
42 Identifier 40 41 1
41 Type 40 -1 1
45 SimpType 41 -1 0
46 inti 45 -1 0
47 id 42 -1 0
48 ε 43 -1 0
49 Stmtlist 39 -1 0
51 E 49 50 0
50 Stmt 49 -1 1
52 Iostmt 50 -1 0
53 Ostmt 52 -1 0
54 StringOstmt 53 -1 0
59 ; 54 58 0
58 ) 54 57 1
57 StrParam 54 56 1
56 ( 54 55 1
55 say 54 -1 1
60 ct 57 -1 0
61 Stmtlist 51 -1 0
63 E 61 62 0
62 Stmt 61 -1 1
64 Iostmt 62 -1 0
65 Istmt 64 -1 0
66 IntIstmt 65 -1 0
71 ; 66 70 0
70 ) 66 69 1
69 id 66 68 1
68 ( 66 67 1
67 giveInti 66 -1 1
72 Stmtlist 63 -1 0
74 E 72 73 0
73 Stmt 72 -1 1
75 Iostmt 73 -1 0
76 Ostmt 75 -1 0
77 StringOstmt 76 -1 0
82 ; 77 81 0
81 ) 77 80 1
80 StrParam 77 79 1
79 ( 77 78 1
78 say 77 -1 1
83 ct 80 -1 0
84 Stmtlist 74 -1 0
86 E 84 85 0
85 Stmt 84 -1 1
87 Iostmt 85 -1 0
88 Istmt 87 -1 0
89 IntIstmt 88 -1 0
94 ; 89 93 0
93 ) 89 92 1
92 id 89 91 1
91 ( 89 90 1
90 giveInti 89 -1 1
95 Stmtlist 86 -1 0
97 E 95 96 0
96 Stmt 95 -1 1
98 Iostmt 96 -1 0
99 Ostmt 98 -1 0
100 StringOstmt 99 -1 0
105 ; 100 104 0
104 ) 100 103 1
103 StrParam 100 102 1
102 ( 100 101 1
101 say 100 -1 1
106 ct 103 -1 0
107 Stmtlist 97 -1 0
109 E 107 108 0
108 Stmt 107 -1 1
110 Iostmt 108 -1 0
111 Istmt 110 -1 0
112 IntIstmt 111 -1 0
117 ; 112 116 0
116 ) 112 115 1
115 id 112 114 1
114 ( 112 113 1
113 giveInti 112 -1 1
118 Stmtlist 109 -1 0
120 E 118 119 0
119 Stmt 118 -1 1
121 Ifstmt 119 -1 0
129 Else 121 128 0
128 } 121 127 1
127 Stmtlist 121 126 1
126 { 121 125 1
125 ) 121 124 1
124 Condition 121 123 1
123 ( 121 122 1
122 hmm 121 -1 1
133 ContCond 124 132 0
132 Expression 124 131 1
131 Relation 124 130 1
130 Expression 124 -1 1
134 ArithmExpr 130 -1 0
136 Exp1 134 135 0
135 Exp2 134 -1 1
138 Exp2p 135 137 0
137 Exp3 135 -1 1
140 Cont1 137 139 0
139 id 137 -1 1
141 ε 140 -1 0
142 ε 138 -1 0
143 ε 136 -1 0
144 > 131 -1 0
145 ArithmExpr 132 -1 0
147 Exp1 145 146 0
146 Exp2 145 -1 1
149 Exp2p 146 148 0
148 Exp3 146 -1 1
151 Cont1 148 150 0
150 id 148 -1 1
152 ε 151 -1 0
153 ε 149 -1 0
154 ε 147 -1 0
155 ε 133 -1 0
157 E 127 156 0
156 Stmt 127 -1 1
158 Assignstmt 156 -1 0
162 ; 158 161 0
161 Expression 158 160 1
160 = 158 159 1
159 id 158 -1 1
163 ArithmExpr 161 -1 0
165 Exp1 163 164 0
164 Exp2 163 -1 1
167 Exp2p 164 166 0
166 Exp3 164 -1 1
169 Cont1 166 168 0
168 id 166 -1 1
170 ε 169 -1 0
171 ε 167 -1 0
172 ε 165 -1 0
173 ε 157 -1 0
177 } 129 176 0
176 Stmtlist 129 175 1
175 { 129 174 1
174 nah 129 -1 1
179 E 176 178 0
178 Stmt 176 -1 1
180 Assignstmt 178 -1 0
184 ; 180 183 0
183 Expression 180 182 1
182 = 180 181 1
181 id 180 -1 1
185 ArithmExpr 183 -1 0
187 Exp1 185 186 0
186 Exp2 185 -1 1
189 Exp2p 186 188 0
188 Exp3 186 -1 1
191 Cont1 188 190 0
190 id 188 -1 1
192 ε 191 -1 0
193 ε 189 -1 0
194 ε 187 -1 0
195 ε 179 -1 0
196 Stmtlist 120 -1 0
198 E 196 197 0
197 Stmt 196 -1 1
199 Ifstmt 197 -1 0
207 Else 199 206 0
206 } 199 205 1
205 Stmtlist 199 204 1
204 { 199 203 1
203 ) 199 202 1
202 Condition 199 201 1
201 ( 199 200 1
200 hmm 199 -1 1
211 ContCond 202 210 0
210 Expression 202 209 1
209 Relation 202 208 1
208 Expression 202 -1 1
212 ArithmExpr 208 -1 0
214 Exp1 212 213 0
213 Exp2 212 -1 1
216 Exp2p 213 215 0
215 Exp3 213 -1 1
218 Cont1 215 217 0
217 id 215 -1 1
219 ε 218 -1 0
220 ε 216 -1 0
221 ε 214 -1 0
222 < 209 -1 0
223 ArithmExpr 210 -1 0
225 Exp1 223 224 0
224 Exp2 223 -1 1
227 Exp2p 224 226 0
226 Exp3 224 -1 1
229 Cont1 226 228 0
228 id 226 -1 1
230 ε 229 -1 0
231 ε 227 -1 0
232 ε 225 -1 0
233 ε 211 -1 0
235 E 205 234 0
234 Stmt 205 -1 1
236 Assignstmt 234 -1 0
240 ; 236 239 0
239 Expression 236 238 1
238 = 236 237 1
237 id 236 -1 1
241 ArithmExpr 239 -1 0
243 Exp1 241 242 0
242 Exp2 241 -1 1
245 Exp2p 242 244 0
244 Exp3 242 -1 1
247 Cont1 244 246 0
246 id 244 -1 1
248 ε 247 -1 0
249 ε 245 -1 0
250 ε 243 -1 0
251 ε 235 -1 0
252 ε 207 -1 0
253 Stmtlist 198 -1 0
255 E 253 254 0
254 Stmt 253 -1 1
256 Iostmt 254 -1 0
257 Ostmt 256 -1 0
258 StringOstmt 257 -1 0
263 ; 258 262 0
262 ) 258 261 1
261 StrParam 258 260 1
260 ( 258 259 1
259 say 258 -1 1
264 ct 261 -1 0
265 Stmtlist 255 -1 0
267 E 265 266 0
266 Stmt 265 -1 1
268 Iostmt 266 -1 0
269 Ostmt 268 -1 0
270 IntOstmt 269 -1 0
275 ; 270 274 0
274 ) 270 273 1
273 IntParam 270 272 1
272 ( 270 271 1
271 sayInti 270 -1 1
276 id 273 -1 0
277 ε 267 -1 0
