23 Stmtlist -1 -1 0
25 E 23 24 0
24 Stmt 23 -1 1
26 Decl 24 -1 0
30 ; 26 29 0
29 Continuation 26 28 1
28 Identifier 26 27 1
27 Type 26 -1 1
31 SimpType 27 -1 0
32 inti 31 -1 0
33 id 28 -1 0
34 ε 29 -1 0
35 Stmtlist 25 -1 0
37 E 35 36 0
36 Stmt 35 -1 1
38 Decl 36 -1 0
42 ; 38 41 0
41 Continuation 38 40 1
40 Identifier 38 39 1
39 Type 38 -1 1
43 SimpType 39 -1 0
44 inti 43 -1 0
45 id 40 -1 0
46 ε 41 -1 0
47 Stmtlist 37 -1 0
49 E 47 48 0
48 Stmt 47 -1 1
50 Iostmt 48 -1 0
51 Ostmt 50 -1 0
52 StringOstmt 51 -1 0
57 ; 52 56 0
56 ) 52 55 1
55 StrParam 52 54 1
54 ( 52 53 1
53 say 52 -1 1
58 ct 55 -1 0
59 Stmtlist 49 -1 0
61 E 59 60 0
60 Stmt 59 -1 1
62 Iostmt 60 -1 0
63 Istmt 62 -1 0
64 IntIstmt 63 -1 0
69 ; 64 68 0
68 ) 64 67 1
67 id 64 66 1
66 ( 64 65 1
65 giveInti 64 -1 1
70 Stmtlist 61 -1 0
72 E 70 71 0
71 Stmt 70 -1 1
73 Iostmt 71 -1 0
74 Ostmt 73 -1 0
75 StringOstmt 74 -1 0
80 ; 75 79 0
79 ) 75 78 1
78 StrParam 75 77 1
77 ( 75 76 1
76 say 75 -1 1
81 ct 78 -1 0
82 Stmtlist 72 -1 0
84 E 82 83 0
83 Stmt 82 -1 1
85 Iostmt 83 -1 0
86 Istmt 85 -1 0
87 IntIstmt 86 -1 0
92 ; 87 91 0
91 ) 87 90 1
90 id 87 89 1
89 ( 87 88 1
88 giveInti 87 -1 1
93 Stmtlist 84 -1 0
95 E 93 94 0
94 Stmt 93 -1 1
96 Decl 94 -1 0
100 ; 96 99 0
99 Continuation 96 98 1
98 Identifier 96 97 1
97 Type 96 -1 1
101 SimpType 97 -1 0
102 inti 101 -1 0
103 id 98 -1 0
104 ε 99 -1 0
105 Stmtlist 95 -1 0
107 E 105 106 0
106 Stmt 105 -1 1
108 Ifstmt 106 -1 0
116 Else 108 115 0
115 } 108 114 1
114 Stmtlist 108 113 1
113 { 108 112 1
112 ) 108 111 1
111 Condition 108 110 1
110 ( 108 109 1
109 hmm 108 -1 1
120 ContCond 111 119 0
119 Expression 111 118 1
118 Relation 111 117 1
117 Expression 111 -1 1
121 ArithmExpr 117 -1 0
123 Exp1 121 122 0
122 Exp2 121 -1 1
125 Exp2p 122 124 0
124 Exp3 122 -1 1
127 Cont1 124 126 0
126 id 124 -1 1
128 ε 127 -1 0
129 ε 125 -1 0
130 ε 123 -1 0
131 > 118 -1 0
132 ArithmExpr 119 -1 0
134 Exp1 132 133 0
133 Exp2 132 -1 1
136 Exp2p 133 135 0
135 Exp3 133 -1 1
138 Cont1 135 137 0
137 id 135 -1 1
139 ε 138 -1 0
140 ε 136 -1 0
141 ε 134 -1 0
142 ε 120 -1 0
144 E 114 143 0
143 Stmt 114 -1 1
145 Assignstmt 143 -1 0
149 ; 145 148 0
148 Expression 145 147 1
147 = 145 146 1
146 id 145 -1 1
150 ArithmExpr 148 -1 0
152 Exp1 150 151 0
151 Exp2 150 -1 1
154 Exp2p 151 153 0
153 Exp3 151 -1 1
156 Cont1 153 155 0
155 id 153 -1 1
157 ε 156 -1 0
158 ε 154 -1 0
159 ε 152 -1 0
160 Stmtlist 144 -1 0
162 E 160 161 0
161 Stmt 160 -1 1
163 Assignstmt 161 -1 0
167 ; 163 166 0
166 Expression 163 165 1
165 = 163 164 1
164 id 163 -1 1
168 ArithmExpr 166 -1 0
170 Exp1 168 169 0
169 Exp2 168 -1 1
172 Exp2p 169 171 0
171 Exp3 169 -1 1
174 Cont1 171 173 0
173 id 171 -1 1
175 ε 174 -1 0
176 ε 172 -1 0
177 ε 170 -1 0
178 Stmtlist 162 -1 0
180 E 178 179 0
179 Stmt 178 -1 1
181 Assignstmt 179 -1 0
185 ; 181 184 0
184 Expression 181 183 1
183 = 181 182 1
182 id 181 -1 1
186 ArithmExpr 184 -1 0
188 Exp1 186 187 0
187 Exp2 186 -1 1
190 Exp2p 187 189 0
189 Exp3 187 -1 1
192 Cont1 189 191 0
191 id 189 -1 1
193 ε 192 -1 0
194 ε 190 -1 0
195 ε 188 -1 0
196 ε 180 -1 0
197 ε 116 -1 0
198 Stmtlist 107 -1 0
200 E 198 199 0
199 Stmt 198 -1 1
201 Decl 199 -1 0
205 ; 201 204 0
204 Continuation 201 203 1
203 Identifier 201 202 1
202 Type 201 -1 1
206 SimpType 202 -1 0
207 inti 206 -1 0
208 id 203 -1 0
211 Continuation 204 210 0
210 Identifier 204 209 1
209 , 204 -1 1
212 id 210 -1 0
213 ε 211 -1 0
214 Stmtlist 200 -1 0
216 E 214 215 0
215 Stmt 214 -1 1
217 Forstmt 215 -1 0
220 Forbody 217 219 0
219 Forcond 217 218 1
218 repeatAfterMe 217 -1 1
226 ) 219 225 0
225 ct 219 224 1
224 ; 219 223 1
223 Condition 219 222 1
222 Assignstmt 219 221 1
221 ( 219 -1 1
230 ; 222 229 0
229 Expression 222 228 1
228 = 222 227 1
227 id 222 -1 1
231 ArithmExpr 229 -1 0
233 Exp1 231 232 0
232 Exp2 231 -1 1
235 Exp2p 232 234 0
234 Exp3 232 -1 1
236 ct 234 -1 0
237 ε 235 -1 0
238 ε 233 -1 0
242 ContCond 223 241 0
241 Expression 223 240 1
240 Relation 223 239 1
239 Expression 223 -1 1
243 ArithmExpr 239 -1 0
245 Exp1 243 244 0
244 Exp2 243 -1 1
247 Exp2p 244 246 0
246 Exp3 244 -1 1
249 Cont1 246 248 0
248 id 246 -1 1
250 ε 249 -1 0
251 ε 247 -1 0
252 ε 245 -1 0
253 <= 240 -1 0
254 ArithmExpr 241 -1 0
256 Exp1 254 255 0
255 Exp2 254 -1 1
258 Exp2p 255 257 0
257 Exp3 255 -1 1
260 Cont1 257 259 0
259 id 257 -1 1
261 ε 260 -1 0
262 ε 258 -1 0
263 ε 256 -1 0
264 ε 242 -1 0
267 } 220 266 0
266 Stmtlist 220 265 1
265 { 220 -1 1
269 E 266 268 0
268 Stmt 266 -1 1
270 Ifstmt 268 -1 0
278 Else 270 277 0
277 } 270 276 1
276 Stmtlist 270 275 1
275 { 270 274 1
274 ) 270 273 1
273 Condition 270 272 1
272 ( 270 271 1
271 hmm 270 -1 1
282 ContCond 273 281 0
281 Expression 273 280 1
280 Relation 273 279 1
279 Expression 273 -1 1
283 ArithmExpr 279 -1 0
285 Exp1 283 284 0
284 Exp2 283 -1 1
287 Exp2p 284 286 0
286 Exp3 284 -1 1
289 Cont1 286 288 0
288 id 286 -1 1
290 ε 289 -1 0
293 Exp2p 287 292 0
292 Exp3 287 291 1
291 % 287 -1 1
295 Cont1 292 294 0
294 id 292 -1 1
296 ε 295 -1 0
297 ε 293 -1 0
298 ε 285 -1 0
299 == 280 -1 0
300 ArithmExpr 281 -1 0
302 Exp1 300 301 0
301 Exp2 300 -1 1
304 Exp2p 301 303 0
303 Exp3 301 -1 1
305 ct 303 -1 0
306 ε 304 -1 0
307 ε 302 -1 0
308 ε 282 -1 0
310 E 276 309 0
309 Stmt 276 -1 1
311 Ifstmt 309 -1 0
319 Else 311 318 0
318 } 311 317 1
317 Stmtlist 311 316 1
316 { 311 315 1
315 ) 311 314 1
314 Condition 311 313 1
313 ( 311 312 1
312 hmm 311 -1 1
323 ContCond 314 322 0
322 Expression 314 321 1
321 Relation 314 320 1
320 Expression 314 -1 1
324 ArithmExpr 320 -1 0
326 Exp1 324 325 0
325 Exp2 324 -1 1
328 Exp2p 325 327 0
327 Exp3 325 -1 1
330 Cont1 327 329 0
329 id 327 -1 1
331 ε 330 -1 0
334 Exp2p 328 333 0
333 Exp3 328 332 1
332 % 328 -1 1
336 Cont1 333 335 0
335 id 333 -1 1
337 ε 336 -1 0
338 ε 334 -1 0
339 ε 326 -1 0
340 == 321 -1 0
341 ArithmExpr 322 -1 0
343 Exp1 341 342 0
342 Exp2 341 -1 1
345 Exp2p 342 344 0
344 Exp3 342 -1 1
346 ct 344 -1 0
347 ε 345 -1 0
348 ε 343 -1 0
349 ε 323 -1 0
351 E 317 350 0
350 Stmt 317 -1 1
352 Assignstmt 350 -1 0
356 ; 352 355 0
355 Expression 352 354 1
354 = 352 353 1
353 id 352 -1 1
357 ArithmExpr 355 -1 0
359 Exp1 357 358 0
358 Exp2 357 -1 1
361 Exp2p 358 360 0
360 Exp3 358 -1 1
363 Cont1 360 362 0
362 id 360 -1 1
364 ε 363 -1 0
365 ε 361 -1 0
366 ε 359 -1 0
367 ε 351 -1 0
368 ε 319 -1 0
369 ε 310 -1 0
370 ε 278 -1 0
371 ε 269 -1 0
372 Stmtlist 216 -1 0
374 E 372 373 0
373 Stmt 372 -1 1
375 Iostmt 373 -1 0
376 Ostmt 375 -1 0
377 StringOstmt 376 -1 0
382 ; 377 381 0
381 ) 377 380 1
380 StrParam 377 379 1
379 ( 377 378 1
378 say 377 -1 1
383 ct 380 -1 0
384 Stmtlist 374 -1 0
386 E 384 385 0
385 Stmt 384 -1 1
387 Iostmt 385 -1 0
388 Ostmt 387 -1 0
389 IntOstmt 388 -1 0
394 ; 389 393 0
393 ) 389 392 1
392 IntParam 389 391 1
391 ( 389 390 1
390 sayInti 389 -1 1
395 id 392 -1 0
396 ε 386 -1 0
